766
189
393
156
316
368
435
823
84
403
192
145
577
43
346
547
414
416
118
395
236
584
131
1582
290
604
450
299
392
460
696
530
509
789
305
419
281
359
147
153
186
486
576
777
314
244
864
390
436
414
303
718
278
265
572
158
535
252
662
340
310
84
323
907
514
199
631
73
220
288
1406
310
123
233
229
69
248
191
527
419
544
508
553
411
132
352
549
760
508
147
113
290
355
179
408
304
548
328
347
423
522
442
219
251
409
244
197
254
486
34350
354
133
1393
360
115
490
558
72
298
307
1068
262
348
233
182
393
327
316
381
244
274
292
311
138
361
252
265
334
348
333
435
55
354
377
1250
1211
388
533
801
407
297
207
551
559
580
546
328
698
95
305
314
781
896
533
420
1286
465
396
468
102
301
3374
641
754
388
67
533
337
166
420
530
2850
1835
374
97
1901
305
259
522
291
1770
425
421
276
358
267
223
212
313
364
311
144
94
199
805
114
497
88
1634
235
992
465
6306
90
96
519
871
81
281
513
294
72
138
398
707
1076
312
214
1301
288
676
1100
1883
209
2671
301
1191
1024
259
389
282
377
241
4563
336
248
761
717
732
345
231
265
351
765
105
919
1707
267
858
136
380
185
200
76
437
462
417
262
296
196
1013
199
467
145
312
337
385
344
946
1115
177
350
1499
329
484
653
71
456
1937
345
646
455
324
494
62
151
304
1990
332
539
135
529
378
552
509
399
485
356
520
322
410
184
205
309
1690
312
585
1096
495
344
197
807
88
256
209
572
307
215
578
520
626
297
542
183
175
127
293
237
448
416
145
840
166
1857
728
2923
5090
1186
331
158
314
173
122
230
999
1409
351
116
1758
406
237
64
323
99
313
443
247
458
310
382
392
2156
258
583
830
451
205
501
3753
2078
319
393
418
114
399
224
180
449
243
595
375
993
149
301
210
57
818
847
444
