766
189
393
156
316
368
435
823
84
403
192
145
577
43
346
547
414
416
118
395
236
584
131
1582
290
604
450
299
392
460
696
530
509
789
305
419
281
359
147
153
186
486
576
777
314
244
864
390
436
414
303
718
278
265
572
158
535
252
662
340
310
84
323
907
514
199
631
73
220
288
1406
310
123
233
229
69
248
191
527
419
544
508
553
411
132
352
549
760
508
147
113
290
355
179
408
304
548
328
347
423
522
442
219
251
409
244
197
254
486
34350
354
133
1393
360
115
490
558
72
298
307
1068
262
348
233
182
393
327
316
381
244
274
292
311
138
361
252
265
334
348
333
435
55
354
377
1250
1211
388
533
801
407
297
207
551
559
580
546
328
698
95
305
314
781
896
533
420
1286
465
396
468
102
301
3374
641
754
388
67
533
337
166
420
530
2850
1835
374
97
1901
305
259
522
291
1770
425
421
276
358
267
223
212
313
364
311
144
94
199
805
114
497
88
1634
235
992
465
6306
90
96
519
871
81
281
513
294
72
138
398
707
1076
312
214
1301
288
676
1100
1883
209
2671
301
1191
1024
259
389
282
377
241
4563
336
248
761
717
732
345
231
265
351
765
105
919
1707
267
858
136
380
185
200
76
437
462
417
262
296
196
1013
199
467
145
312
337
385
344
946
1115
177
350
1499
329
484
653
71
456
1937
345
646
455
324
494
62
151
304
1990
332
539
135
529
378
552
509
399
485
356
520
322
410
184
205
309
1690
312
585
1096
495
344
197
807
88
256
209
572
307
215
578
520
626
297
542
183
175
127
293
237
448
416
145
840
166
1857
728
2923
5090
1186
331
158
314
173
122
230
999
1409
351
116
1758
406
237
64
323
99
313
443
247
458
310
382
392
2156
258
583
830
451
205
501
3753
2078
319
393
418
114
399
224
180
449
243
595
375
993
149
301
210
57
818
847
444
376
259
928
312
400
415
312
578
1186
473
325
367
309
315
702
166
248
632
528
1822
6669
387
168
1042
1203
128
165
103
1163
188
536
582
69
2365
762
154
769
1204
257
190
430
271
333
286
198
71
314
494
218
766
444
514
710
169
147
430
502
119
556
450
580
212
715
370
110
485
649
376
508
222
438
1036
238
417
260
382
350
326
499
309
275
471
129
603
326
993
1274
401
354
351
318
312
465
495
418
384
552
317
344
314
2223
857
317
1012
1506
439
1298
2137
221
325
540
232
389
798
509
366
1012
217
2843
1114
463
353
314
244
628
78
311
740
63
396
424
180
335
439
906
360
679
1129
503
360
367
738
894
533
503
1024
413
305
431
466
317
1228
615
529
149
329
848
351
236
416
128
300
211
296
372
238
1049
209
119
160
498
724
566
210
304
350
153
397
278
431
404
293
5179
439
309
237
282
2363
4486
311
558
752
966
169
210
767
2225
394
683
258
678
321
331
674
132
279
238
808
262
957
563
179
951
575
499
537
785
241
357
441
326
748
976
219
297
466
1758
135
418
800
920
773
1156
366
894
639
305
820
275
293
127
261
1451
491
907
83
718
5038
217
446
1026
245
1308
469
99
589
310
392
397
422
321
1257
414
284
299
303
364
470
267
160
476
755
1324
313
479
323
206
450
835
346
194
818
626
367
712
624
221
1251
208
386
1235
241
271
450
478
620
454
571
226
875
404
769
724
2364
552
547
1315
245
312
74
183
653
163
464
249
651
234
816
540
222
532
452
116
512
335
314
563
509
297
386
582
304
932
508
620
96
101
202
567
2313
643
378
474
609
5065
133
1885
517
106
559
306
545
637
149
620
402
465
1250
736
470
1100
828
882
490
162
385
783
219
93
134
1035
338
239
534
1980
415
691
1997
742
172
410
397
866
266
200
392
438
513
795
326
246
299
199
509
1383
2353
509
312
352
1683
444
124
855
317
517
590
506
500
193
313
529
374
94
1135
321
312
295
474
398
146
397
446
374
299
514
457
756
777
1213
524
293
677
349
633
189
339
820
388
919
1691
459
183
540
638
669
1133
364
379
271
364
1603
351
552
245
114
172
699
564
513
699
219
1941
380
833
359
1339
405
623
464
205
1292
359
291
721
97
623
3969
346
115
113
452
99
679
249
745
114
661
565
145
464
614
4289
224
312
172
2033
695
339
854
279
647
504
371
233
302
479
339
1161
147
1038
1122
600
671
406
2048
124
348
1012
250
216
443
1512
468
325
328
178
662
355
315
574
525
515
873
243
503
138
187
666
1220
498
213
323
570
312
197
931
449
400
366
470
215
1464
384
473
1651
460
709
273
404
610
247
586
139
444
1201
349
265
501
4243
1202
223
1701
592
364
551
253
532
303
196
115
610
337
354
421
934
395
718
161
526
288
189
299
1927
654
244
318
327
156
